随机测试 - r,0数据点
标准输入
42 21 11 58 50 79 37 84 29 37 
实际输出
11 21 42 58 50 79 37 37 29 84 
期望输出
11 21 42 58 50 79 37 37 29 84 

通过「随机测试 - r,0数据点」测试点

随机测试 - r,1数据点
标准输入
86 67 58 53 4 99 2 57 6 34 
实际输出
2 67 58 53 4 34 86 57 6 99 
期望输出
2 67 58 53 4 34 86 57 6 99 

通过「随机测试 - r,1数据点」测试点

随机测试 - r,2数据点
标准输入
46 72 11 88 64 22 75 55 20 9 
实际输出
9 72 11 46 64 22 75 55 20 88 
期望输出
9 72 11 46 64 22 75 55 20 88 

通过「随机测试 - r,2数据点」测试点

随机测试 - r,3数据点
标准输入
54 90 85 29 84 16 76 82 4 52 
实际输出
4 52 85 29 84 16 76 82 54 90 
期望输出
4 52 85 29 84 16 76 82 54 90 

通过「随机测试 - r,3数据点」测试点

随机测试 - r,4数据点
标准输入
99 83 23 73 89 15 91 30 24 6 
实际输出
99 83 23 73 89 15 91 30 24 6 
期望输出
6 83 23 73 89 15 91 30 24 99 

未通过「随机测试 - r,4数据点」测试点

随机测试 - r,5数据点
标准输入
46 8 53 37 93 69 23 68 16 60 
实际输出
8 46 53 37 60 69 23 68 16 93 
期望输出
8 46 53 37 60 69 23 68 16 93 

通过「随机测试 - r,5数据点」测试点

随机测试 - r,6数据点
标准输入
85 12 56 65 1 0 1 0 22 34 
实际输出
34 12 56 65 1 85 1 0 22 0 
期望输出
0 12 56 65 1 34 1 0 22 85 

未通过「随机测试 - r,6数据点」测试点

随机测试 - r,7数据点
标准输入
23 91 19 30 91 33 2 26 11 41 
实际输出
2 41 19 30 91 33 23 26 11 91 
期望输出
2 41 19 30 91 33 23 26 11 91 

通过「随机测试 - r,7数据点」测试点

随机测试 - r,8数据点
标准输入
97 8 23 34 66 97 55 36 34 69 
实际输出
69 97 23 34 66 97 55 36 34 8 
期望输出
8 69 23 34 66 97 55 36 34 97 

未通过「随机测试 - r,8数据点」测试点

随机测试 - r,9数据点
标准输入
61 13 7 26 63 66 99 0 64 13 
实际输出
0 13 7 26 63 66 13 61 64 99 
期望输出
0 13 7 26 63 66 13 61 64 99 

通过「随机测试 - r,9数据点」测试点

随机测试 - r,10数据点
标准输入
68 88 42 85 4 94 99 0 8 17 
实际输出
0 88 42 85 4 94 17 68 8 99 
期望输出
0 88 42 85 4 94 17 68 8 99 

通过「随机测试 - r,10数据点」测试点

随机测试 - r,11数据点
标准输入
65 25 3 70 36 97 26 50 35 32 
实际输出
3 25 65 70 36 32 26 50 35 97 
期望输出
3 25 65 70 36 32 26 50 35 97 

通过「随机测试 - r,11数据点」测试点

随机测试 - r,12数据点
标准输入
31 27 50 6 93 79 43 93 98 36 
实际输出
6 27 50 31 93 79 43 93 36 98 
期望输出
6 27 50 31 93 79 43 93 36 98 

通过「随机测试 - r,12数据点」测试点

随机测试 - r,13数据点
标准输入
93 68 23 7 7 62 28 95 27 71 
实际输出
7 68 23 93 7 62 28 71 27 95 
期望输出
7 68 23 93 7 62 28 71 27 95 

通过「随机测试 - r,13数据点」测试点

随机测试 - r,14数据点
标准输入
24 96 4 89 14 15 56 7 34 90 
实际输出
4 90 24 89 14 15 56 7 34 96 
期望输出
4 90 24 89 14 15 56 7 34 96 

通过「随机测试 - r,14数据点」测试点

随机测试 - r,15数据点
标准输入
72 90 18 89 82 58 6 18 65 30 
实际输出
6 30 18 89 82 58 72 18 65 90 
期望输出
6 30 18 89 82 58 72 18 65 90 

通过「随机测试 - r,15数据点」测试点

随机测试 - r,16数据点
标准输入
95 39 36 4 40 88 36 25 81 97 
实际输出
4 39 36 95 40 88 36 25 81 97 
期望输出
4 39 36 95 40 88 36 25 81 97 

通过「随机测试 - r,16数据点」测试点

随机测试 - r,17数据点
标准输入
63 92 96 83 15 78 69 93 37 20 
实际输出
15 92 20 83 63 78 69 93 37 96 
期望输出
15 92 20 83 63 78 69 93 37 96 

通过「随机测试 - r,17数据点」测试点

随机测试 - r,18数据点
标准输入
26 32 20 67 52 31 87 97 75 81 
实际输出
20 32 26 67 52 31 87 81 75 97 
期望输出
20 32 26 67 52 31 87 81 75 97 

通过「随机测试 - r,18数据点」测试点

随机测试 - r,19数据点
标准输入
10 57 46 84 74 73 7 11 0 86 
实际输出
0 57 46 84 74 73 7 11 10 86 
期望输出
0 57 46 84 74 73 7 11 10 86 

通过「随机测试 - r,19数据点」测试点

随机测试 - r,20数据点
标准输入
55 22 45 29 83 59 65 22 12 87 
实际输出
12 22 45 29 83 59 65 22 55 87 
期望输出
12 22 45 29 83 59 65 22 55 87 

通过「随机测试 - r,20数据点」测试点

随机测试 - r,21数据点
标准输入
85 86 81 49 26 56 81 3 70 88 
实际输出
3 86 81 49 26 56 81 85 70 88 
期望输出
3 86 81 49 26 56 81 85 70 88 

通过「随机测试 - r,21数据点」测试点

随机测试 - r,22数据点
标准输入
42 77 47 52 53 73 76 12 45 15 
实际输出
12 15 47 52 53 73 76 42 45 77 
期望输出
12 15 47 52 53 73 76 42 45 77 

通过「随机测试 - r,22数据点」测试点

随机测试 - r,23数据点
标准输入
80 80 13 33 56 36 75 92 7 18 
实际输出
7 80 13 33 56 36 75 18 80 92 
期望输出
7 80 13 33 56 36 75 18 80 92 

通过「随机测试 - r,23数据点」测试点

随机测试 - r,24数据点
标准输入
0 26 89 58 76 28 97 56 16 43 
实际输出
0 26 89 58 76 28 43 56 16 97 
期望输出
0 26 89 58 76 28 43 56 16 97 

通过「随机测试 - r,24数据点」测试点

随机测试 - r,25数据点
标准输入
59 84 70 27 93 53 1 54 64 0 
实际输出
0 84 70 27 59 53 1 54 64 93 
期望输出
0 84 70 27 59 53 1 54 64 93 

通过「随机测试 - r,25数据点」测试点

随机测试 - r,26数据点
标准输入
95 58 89 46 76 28 70 4 20 40 
实际输出
40 58 89 46 76 28 70 95 20 4 
期望输出
4 58 89 46 76 28 70 40 20 95 

未通过「随机测试 - r,26数据点」测试点

随机测试 - r,27数据点
标准输入
35 25 16 21 11 87 70 38 86 51 
实际输出
11 25 16 21 35 51 70 38 86 87 
期望输出
11 25 16 21 35 51 70 38 86 87 

通过「随机测试 - r,27数据点」测试点

随机测试 - r,28数据点
标准输入
73 76 13 59 77 68 16 97 87 95 
实际输出
13 76 73 59 77 68 16 95 87 97 
期望输出
13 76 73 59 77 68 16 95 87 97 

通过「随机测试 - r,28数据点」测试点

随机测试 - r,29数据点
标准输入
2 60 3 60 93 96 97 75 1 19 
实际输出
1 60 3 60 93 96 19 75 2 97 
期望输出
1 60 3 60 93 96 19 75 2 97 

通过「随机测试 - r,29数据点」测试点

随机测试 - r,30数据点
标准输入
93 23 61 6 5 34 51 23 91 26 
实际输出
26 23 61 6 93 34 51 23 91 5 
期望输出
5 23 61 6 26 34 51 23 91 93 

未通过「随机测试 - r,30数据点」测试点

随机测试 - r,31数据点
标准输入
28 29 10 71 20 35 59 34 3 9 
实际输出
3 29 10 9 20 35 59 34 28 71 
期望输出
3 29 10 9 20 35 59 34 28 71 

通过「随机测试 - r,31数据点」测试点

随机测试 - r,32数据点
标准输入
75 14 68 94 2 48 76 37 11 94 
实际输出
2 14 68 94 75 48 76 37 11 94 
期望输出
2 14 68 94 75 48 76 37 11 94 

通过「随机测试 - r,32数据点」测试点

随机测试 - r,33数据点
标准输入
23 48 39 63 97 84 0 26 14 25 
实际输出
0 48 39 63 25 84 23 26 14 97 
期望输出
0 48 39 63 25 84 23 26 14 97 

通过「随机测试 - r,33数据点」测试点

随机测试 - r,34数据点
标准输入
12 67 57 45 89 18 18 37 28 59 
实际输出
12 67 57 45 59 18 18 37 28 89 
期望输出
12 67 57 45 59 18 18 37 28 89 

通过「随机测试 - r,34数据点」测试点

随机测试 - r,35数据点
标准输入
46 90 72 18 8 47 44 30 97 37 
实际输出
8 90 72 18 46 47 44 30 37 97 
期望输出
8 90 72 18 46 47 44 30 37 97 

通过「随机测试 - r,35数据点」测试点

随机测试 - r,36数据点
标准输入
51 1 59 82 60 89 70 82 90 67 
实际输出
1 51 59 82 60 89 70 82 67 90 
期望输出
1 51 59 82 60 89 70 82 67 90 

通过「随机测试 - r,36数据点」测试点

随机测试 - r,37数据点
标准输入
91 65 0 77 89 68 62 40 28 19 
实际输出
19 65 91 77 89 68 62 40 28 0 
期望输出
0 65 19 77 89 68 62 40 28 91 

未通过「随机测试 - r,37数据点」测试点

随机测试 - r,38数据点
标准输入
49 30 6 83 62 75 90 17 38 95 
实际输出
6 30 49 83 62 75 90 17 38 95 
期望输出
6 30 49 83 62 75 90 17 38 95 

通过「随机测试 - r,38数据点」测试点

随机测试 - r,39数据点
标准输入
62 60 46 58 47 46 25 79 40 9 
实际输出
9 60 46 58 47 46 25 62 40 79 
期望输出
9 60 46 58 47 46 25 62 40 79 

通过「随机测试 - r,39数据点」测试点

随机测试 - r,40数据点
标准输入
57 37 76 37 94 98 45 30 11 75 
实际输出
11 37 76 37 94 75 45 30 57 98 
期望输出
11 37 76 37 94 75 45 30 57 98 

通过「随机测试 - r,40数据点」测试点

随机测试 - r,41数据点
标准输入
15 82 31 62 86 64 87 2 73 50 
实际输出
2 82 31 62 86 64 50 15 73 87 
期望输出
2 82 31 62 86 64 50 15 73 87 

通过「随机测试 - r,41数据点」测试点

随机测试 - r,42数据点
标准输入
35 16 5 33 61 76 40 91 65 99 
实际输出
5 16 35 33 61 76 40 91 65 99 
期望输出
5 16 35 33 61 76 40 91 65 99 

通过「随机测试 - r,42数据点」测试点

随机测试 - r,43数据点
标准输入
93 15 72 86 21 60 2 98 48 43 
实际输出
2 15 72 86 21 60 93 43 48 98 
期望输出
2 15 72 86 21 60 93 43 48 98 

通过「随机测试 - r,43数据点」测试点

随机测试 - r,44数据点
标准输入
27 48 39 79 55 56 96 51 85 65 
实际输出
27 48 39 79 55 56 65 51 85 96 
期望输出
27 48 39 79 55 56 65 51 85 96 

通过「随机测试 - r,44数据点」测试点

随机测试 - r,45数据点
标准输入
84 99 59 2 72 53 8 72 83 72 
实际输出
2 72 59 84 72 53 8 72 83 99 
期望输出
2 72 59 84 72 53 8 72 83 99 

通过「随机测试 - r,45数据点」测试点

随机测试 - r,46数据点
标准输入
69 52 36 47 90 68 68 83 60 86 
实际输出
36 52 69 47 86 68 68 83 60 90 
期望输出
36 52 69 47 86 68 68 83 60 90 

通过「随机测试 - r,46数据点」测试点

随机测试 - r,47数据点
标准输入
2 47 77 27 5 26 96 89 53 57 
实际输出
2 47 77 27 5 26 57 89 53 96 
期望输出
2 47 77 27 5 26 57 89 53 96 

通过「随机测试 - r,47数据点」测试点

随机测试 - r,48数据点
标准输入
64 88 86 86 38 92 28 42 8 71 
实际输出
8 88 86 86 38 71 28 42 64 92 
期望输出
8 88 86 86 38 71 28 42 64 92 

通过「随机测试 - r,48数据点」测试点

随机测试 - r,49数据点
标准输入
42 31 37 93 77 74 41 28 93 29 
实际输出
28 31 37 29 77 74 41 42 93 93 
期望输出
28 31 37 29 77 74 41 42 93 93 

通过「随机测试 - r,49数据点」测试点

随机测试 - r,50数据点
标准输入
69 65 84 37 27 9 60 73 36 12 
实际输出
9 65 12 37 27 69 60 73 36 84 
期望输出
9 65 12 37 27 69 60 73 36 84 

通过「随机测试 - r,50数据点」测试点

随机测试 - r,51数据点
标准输入
73 40 64 43 76 82 69 96 27 11 
实际输出
11 40 64 43 76 82 69 73 27 96 
期望输出
11 40 64 43 76 82 69 73 27 96 

通过「随机测试 - r,51数据点」测试点

随机测试 - r,52数据点
标准输入
45 50 58 17 17 22 6 71 97 26 
实际输出
6 50 58 17 17 22 45 71 26 97 
期望输出
6 50 58 17 17 22 45 71 26 97 

通过「随机测试 - r,52数据点」测试点

随机测试 - r,53数据点
标准输入
3 10 3 98 73 19 76 27 23 92 
实际输出
3 10 3 92 73 19 76 27 23 98 
期望输出
3 10 3 92 73 19 76 27 23 98 

通过「随机测试 - r,53数据点」测试点

随机测试 - r,54数据点
标准输入
30 8 48 37 74 86 62 65 7 97 
实际输出
7 8 48 37 74 86 62 65 30 97 
期望输出
7 8 48 37 74 86 62 65 30 97 

通过「随机测试 - r,54数据点」测试点

随机测试 - r,55数据点
标准输入
67 8 33 58 68 55 13 55 3 44 
实际输出
3 8 33 58 44 55 13 55 67 68 
期望输出
3 8 33 58 44 55 13 55 67 68 

通过「随机测试 - r,55数据点」测试点

随机测试 - r,56数据点
标准输入
29 88 46 21 78 18 92 84 31 55 
实际输出
18 88 46 21 78 29 55 84 31 92 
期望输出
18 88 46 21 78 29 55 84 31 92 

通过「随机测试 - r,56数据点」测试点

随机测试 - r,57数据点
标准输入
95 38 53 73 53 59 82 39 20 97 
实际输出
20 38 53 73 53 59 82 39 95 97 
期望输出
20 38 53 73 53 59 82 39 95 97 

通过「随机测试 - r,57数据点」测试点

随机测试 - r,58数据点
标准输入
25 96 54 41 43 49 84 64 97 53 
实际输出
25 96 54 41 43 49 84 64 53 97 
期望输出
25 96 54 41 43 49 84 64 53 97 

通过「随机测试 - r,58数据点」测试点

随机测试 - r,59数据点
标准输入
93 58 15 11 6 82 48 9 53 89 
实际输出
89 58 15 11 93 82 48 9 53 6 
期望输出
6 58 15 11 89 82 48 9 53 93 

未通过「随机测试 - r,59数据点」测试点

随机测试 - r,60数据点
标准输入
76 46 32 26 8 19 49 30 17 20 
实际输出
20 46 32 26 76 19 49 30 17 8 
期望输出
8 46 32 26 20 19 49 30 17 76 

未通过「随机测试 - r,60数据点」测试点

随机测试 - r,61数据点
标准输入
79 69 69 40 41 29 72 10 90 78 
实际输出
10 69 69 40 41 29 72 79 78 90 
期望输出
10 69 69 40 41 29 72 79 78 90 

通过「随机测试 - r,61数据点」测试点

随机测试 - r,62数据点
标准输入
71 35 81 36 20 55 69 59 89 28 
实际输出
20 35 81 36 71 55 69 59 28 89 
期望输出
20 35 81 36 71 55 69 59 28 89 

通过「随机测试 - r,62数据点」测试点

随机测试 - r,63数据点
标准输入
20 30 64 83 78 52 34 91 12 49 
实际输出
12 30 64 83 78 52 34 49 20 91 
期望输出
12 30 64 83 78 52 34 49 20 91 

通过「随机测试 - r,63数据点」测试点

随机测试 - r,64数据点
标准输入
40 31 48 77 45 76 70 70 47 77 
实际输出
31 40 48 77 45 76 70 70 47 77 
期望输出
31 40 48 77 45 76 70 70 47 77 

通过「随机测试 - r,64数据点」测试点

随机测试 - r,65数据点
标准输入
34 17 95 62 73 73 84 22 20 68 
实际输出
17 34 68 62 73 73 84 22 20 95 
期望输出
17 34 68 62 73 73 84 22 20 95 

通过「随机测试 - r,65数据点」测试点

随机测试 - r,66数据点
标准输入
33 22 3 75 97 79 12 56 27 20 
实际输出
3 22 33 75 20 79 12 56 27 97 
期望输出
3 22 33 75 20 79 12 56 27 97 

通过「随机测试 - r,66数据点」测试点

随机测试 - r,67数据点
标准输入
44 91 89 90 39 62 4 94 81 71 
实际输出
4 91 89 90 39 62 44 71 81 94 
期望输出
4 91 89 90 39 62 44 71 81 94 

通过「随机测试 - r,67数据点」测试点

随机测试 - r,68数据点
标准输入
0 69 25 66 14 64 5 7 41 30 
实际输出
0 30 25 66 14 64 5 7 41 69 
期望输出
0 30 25 66 14 64 5 7 41 69 

通过「随机测试 - r,68数据点」测试点

随机测试 - r,69数据点
标准输入
59 33 44 92 98 78 8 78 13 35 
实际输出
8 33 44 92 35 78 59 78 13 98 
期望输出
8 33 44 92 35 78 59 78 13 98 

通过「随机测试 - r,69数据点」测试点

随机测试 - r,70数据点
标准输入
73 13 28 90 18 41 10 83 33 12 
实际输出
10 13 28 12 18 41 73 83 33 90 
期望输出
10 13 28 12 18 41 73 83 33 90 

通过「随机测试 - r,70数据点」测试点

随机测试 - r,71数据点
标准输入
67 92 30 44 6 21 26 74 93 81 
实际输出
6 92 30 44 67 21 26 74 81 93 
期望输出
6 92 30 44 67 21 26 74 81 93 

通过「随机测试 - r,71数据点」测试点

随机测试 - r,72数据点
标准输入
4 48 92 21 40 84 28 26 13 13 
实际输出
4 48 13 21 40 84 28 26 13 92 
期望输出
4 48 13 21 40 84 28 26 13 92 

通过「随机测试 - r,72数据点」测试点

随机测试 - r,73数据点
标准输入
25 78 28 71 71 8 46 34 33 5 
实际输出
5 25 28 71 71 8 46 34 33 78 
期望输出
5 25 28 71 71 8 46 34 33 78 

通过「随机测试 - r,73数据点」测试点

随机测试 - r,74数据点
标准输入
32 18 13 2 83 86 96 79 2 19 
实际输出
2 18 13 32 83 86 19 79 2 96 
期望输出
2 18 13 32 83 86 19 79 2 96 

通过「随机测试 - r,74数据点」测试点

随机测试 - r,75数据点
标准输入
15 22 50 5 78 18 62 59 4 44 
实际输出
4 22 50 5 44 18 62 59 15 78 
期望输出
4 22 50 5 44 18 62 59 15 78 

通过「随机测试 - r,75数据点」测试点

随机测试 - r,76数据点
标准输入
31 31 93 31 11 61 97 73 42 65 
实际输出
11 31 93 31 31 61 65 73 42 97 
期望输出
11 31 93 31 31 61 65 73 42 97 

通过「随机测试 - r,76数据点」测试点

随机测试 - r,77数据点
标准输入
34 93 93 82 72 98 42 70 35 55 
实际输出
34 93 93 82 72 55 42 70 35 98 
期望输出
34 93 93 82 72 55 42 70 35 98 

通过「随机测试 - r,77数据点」测试点

随机测试 - r,78数据点
标准输入
48 78 93 82 0 30 89 79 90 33 
实际输出
0 78 33 82 48 30 89 79 90 93 
期望输出
0 78 33 82 48 30 89 79 90 93 

通过「随机测试 - r,78数据点」测试点

随机测试 - r,79数据点
标准输入
41 22 95 65 27 82 36 60 75 81 
实际输出
22 41 81 65 27 82 36 60 75 95 
期望输出
22 41 81 65 27 82 36 60 75 95 

通过「随机测试 - r,79数据点」测试点

随机测试 - r,80数据点
标准输入
82 51 62 64 97 52 63 12 68 73 
实际输出
12 51 62 64 73 52 63 82 68 97 
期望输出
12 51 62 64 73 52 63 82 68 97 

通过「随机测试 - r,80数据点」测试点

随机测试 - r,81数据点
标准输入
58 71 35 92 45 80 26 90 2 71 
实际输出
2 71 35 71 45 80 26 90 58 92 
期望输出
2 71 35 71 45 80 26 90 58 92 

通过「随机测试 - r,81数据点」测试点

随机测试 - r,82数据点
标准输入
38 41 26 84 64 22 44 36 11 24 
实际输出
11 41 26 24 64 22 44 36 38 84 
期望输出
11 41 26 24 64 22 44 36 38 84 

通过「随机测试 - r,82数据点」测试点

随机测试 - r,83数据点
标准输入
26 54 30 80 71 97 50 57 83 19 
实际输出
19 54 30 80 71 26 50 57 83 97 
期望输出
19 54 30 80 71 26 50 57 83 97 

通过「随机测试 - r,83数据点」测试点

随机测试 - r,84数据点
标准输入
51 42 82 36 83 18 83 23 55 39 
实际输出
18 42 82 36 39 51 83 23 55 83 
期望输出
18 42 82 36 39 51 83 23 55 83 

通过「随机测试 - r,84数据点」测试点

随机测试 - r,85数据点
标准输入
49 29 34 91 36 53 44 72 76 65 
实际输出
29 49 34 65 36 53 44 72 76 91 
期望输出
29 49 34 65 36 53 44 72 76 91 

通过「随机测试 - r,85数据点」测试点

随机测试 - r,86数据点
标准输入
69 21 41 43 2 45 59 88 57 88 
实际输出
2 21 41 43 69 45 59 88 57 88 
期望输出
2 21 41 43 69 45 59 88 57 88 

通过「随机测试 - r,86数据点」测试点

随机测试 - r,87数据点
标准输入
74 79 2 89 63 17 64 99 43 27 
实际输出
2 79 74 89 63 17 64 27 43 99 
期望输出
2 79 74 89 63 17 64 27 43 99 

通过「随机测试 - r,87数据点」测试点

随机测试 - r,88数据点
标准输入
56 43 14 28 88 69 53 34 83 8 
实际输出
8 43 14 28 56 69 53 34 83 88 
期望输出
8 43 14 28 56 69 53 34 83 88 

通过「随机测试 - r,88数据点」测试点

随机测试 - r,89数据点
标准输入
3 51 79 7 3 98 62 30 18 59 
实际输出
3 51 79 7 3 59 62 30 18 98 
期望输出
3 51 79 7 3 59 62 30 18 98 

通过「随机测试 - r,89数据点」测试点

随机测试 - r,90数据点
标准输入
69 76 63 32 68 22 4 99 83 69 
实际输出
4 76 63 32 68 22 69 69 83 99 
期望输出
4 76 63 32 68 22 69 69 83 99 

通过「随机测试 - r,90数据点」测试点

随机测试 - r,91数据点
标准输入
37 22 63 82 27 60 23 52 12 38 
实际输出
12 22 63 38 27 60 23 52 37 82 
期望输出
12 22 63 38 27 60 23 52 37 82 

通过「随机测试 - r,91数据点」测试点

随机测试 - r,92数据点
标准输入
45 15 15 60 29 76 36 53 87 97 
实际输出
15 45 15 60 29 76 36 53 87 97 
期望输出
15 45 15 60 29 76 36 53 87 97 

通过「随机测试 - r,92数据点」测试点

随机测试 - r,93数据点
标准输入
2 83 71 74 69 76 79 9 91 12 
实际输出
2 83 71 74 69 76 79 9 12 91 
期望输出
2 83 71 74 69 76 79 9 12 91 

通过「随机测试 - r,93数据点」测试点

随机测试 - r,94数据点
标准输入
50 36 84 26 85 81 8 76 20 74 
实际输出
8 36 84 26 74 81 50 76 20 85 
期望输出
8 36 84 26 74 81 50 76 20 85 

通过「随机测试 - r,94数据点」测试点

随机测试 - r,95数据点
标准输入
21 99 70 47 9 98 60 96 90 30 
实际输出
9 30 70 47 21 98 60 96 90 99 
期望输出
9 30 70 47 21 98 60 96 90 99 

通过「随机测试 - r,95数据点」测试点

随机测试 - r,96数据点
标准输入
72 49 42 50 16 92 32 42 12 18 
实际输出
12 49 42 50 16 18 32 42 72 92 
期望输出
12 49 42 50 16 18 32 42 72 92 

通过「随机测试 - r,96数据点」测试点

随机测试 - r,97数据点
标准输入
76 63 76 90 8 44 20 46 8 23 
实际输出
8 63 76 23 76 44 20 46 8 90 
期望输出
8 63 76 23 76 44 20 46 8 90 

通过「随机测试 - r,97数据点」测试点

随机测试 - r,98数据点
标准输入
13 51 41 47 17 47 0 76 49 0 
实际输出
0 51 41 47 17 47 13 0 49 76 
期望输出
0 51 41 47 17 47 13 0 49 76 

通过「随机测试 - r,98数据点」测试点

随机测试 - r,99数据点
标准输入
72 20 83 97 34 97 68 49 73 63 
实际输出
20 72 83 63 34 97 68 49 73 97 
期望输出
20 72 83 63 34 97 68 49 73 97 

通过「随机测试 - r,99数据点」测试点

